1
5
7
9
11
13
15
17
18
19
20
21
22
23
25
37
39
42
43
49
50
53
63
67
68
69
70
71
72
73
73
79
80
82
85
88
95
98
101
102
105
106
107
109
110
111
113
115
117
119
123
137
138
139
143
161
162
163
164
174
177
178
179
191
194
199
201
202
204
206
209
210
213
220
245
347
363
369
370
372
389
427
434
435
443
444
445
464
465
468
487
488
496
500
512
513
514
515
517
518
519
520
521
525
526
530
531
532
533
535
538
540
543
544
546
547
548
554
556
563
565
587
610
611
612
616
631
636
674
694
749
750
751
752
754
760
765
767
808
871
873
901
953
992
993
994
995
1080
1109
1100
1127
1178
1236
1300
1313
1433
1434
1494
1512
1524
1525
1529
1645
1646
1649
1701
1718
1719
1720
1758
1759
1789
1812
1813
1911
1985
1986
1997
2003
2049
2053
2102
2103
2104
2105
2150
2401
2430
2430
2431
2431
2432
2433
2433
2600
2601
2602
2603
2604
2605
2606
2809
2988
3128
3130
3306
3346
3389
3455
4011
4321
4444
4557
4559
5002
5232
5308
5354
5355
5432
5680
5999
6000
6010
6379
6667
7000
7001
7002
7003
7004
7005
7006
7007
7008
7009
7100
7666
8008
8080
8081
8082
8088
8089
8090
8161
8888
9090
9100
9200
9359
9876
10080
10081
10082
10083
11211
11371
11720
13720
13721
13722
13724
13782
13783
20011
20012
22273
22305
22289
22321
24554
26000
26208
27017
27374
33434
50070
60177
60179